14 14 16 12 14 11 13 15 16 15 62
14 12 17 13 15 11 14 14 15 15 62
13 13 15 14 15 10 14 15 15 14 62
14 13 20 15 15 11 13 16 18 15 64
13 14 18 14 16 12 14 17 18 14 64
14 15 18 14 16 11 14 16 17 15 63
15 17 17 13 15 12 15 17 17 15 64
17 23 16 12 14 14 22 24 20 16 65
23 30 18 14 16 20 25 27 23 17 65
32 32 22 18 20 29 31 33 28 19 66
32 36 26 21 21 29 33 34 29 22 65
36 40 31 28 24 33 39 42 37 23 67
40 44 35 30 24 37 45 47 40 24 75
44 51 37 34 28 41 51 55 46 23 80
51 58 43 39 32 48 57 60 50 24 84
58 65 47 43 36 55 60 66 55 24 90
65 74 52 49 43 62 65 72 61 25 93
74 78 58 56 50 71 66 72 65 24 96
78 83 65 63 57 78 68 73 69 26 98
85 84 74 70 66 79 68 74 74 27 98
85 84 78 74 70 79 68 74 76 26 98
85 84 84 78 76 75 68 73 78 26 99
84 76 84 80 76 72 65 72 78 27 98
76 74 84 80 76 72 65 71 78 25 99
74 75 84 80 76 72 64 68 76 26 95
75 75 76 72 68 71 63 67 72 25 92
75 74 74 70 66 64 55 63 69 25 89
74 67 75 71 67 62 50 61 68 25 84
67 65 75 71 67 60 44 55 65 26 80
65 63 74 70 66 52 40 47 61 27 76
63 55 67 63 59 47 35 42 55 27 73
55 50 65 61 57 40 33 37 51 26 71
50 43 63 59 55 33 30 35 49 27 68
43 35 55 51 47 27 25 32 44 28 66
35 24 50 46 42 24 23 27 39 28 65
24 20 43 39 35 19 22 24 34 28 66
20 16 35 31 27 17 20 24 30 27 65
16 17 24 20 16 17 18 22 23 26 64
17 15 20 16 15 17 17 19 20 26 64
15 20 16 12 13 14 18 20 18 27 62
20 17 17 13 12 13 16 18 18 27 63